0 2 0.0068
0 1 0.0067
0 0 0.0066
1 3 0.0173
1 4 0.0165
1 5 0.0157
2 6 0.0084
2 25 0.0054
2 26 0.0054
3 11 0.0174
3 10 0.0099
3 9 0.0064
4 12 0.0077
4 13 0.0062
4 14 0.0050
5 15 0.0110
5 16 0.0108
5 17 0.0100
6 20 0.0116
6 19 0.0090
6 18 0.0070
7 23 0.0071
7 21 0.0064
7 22 0.0054
8 24 0.0100
8 17 0.0055
8 16 0.0052
9 27 0.0088
9 28 0.0070
9 15 0.0048
10 32 0.0084
10 31 0.0076
10 30 0.0063
11 35 0.0148
11 34 0.0122
11 33 0.0072
12 36 0.0139
12 38 0.0135
12 37 0.0106
13 41 0.0227
13 40 0.0209
13 39 0.0208
14 43 0.0403
14 44 0.0359
14 42 0.0329
15 47 0.0179
15 45 0.0131
15 46 0.0101
16 50 0.0224
16 48 0.0121
16 49 0.0079
17 51 0.0334
17 53 0.0321
17 52 0.0266
18 56 0.0096
18 55 0.0094
18 54 0.0048
19 57 0.0103
19 59 0.0074
19 58 0.0069
